9.045362061390412 -2.624518507822689 -1.8288602541535646 
9.889253327601361 -2.854437039796303 -1.5405839545825848 
10.690425456400845 -3.081953748935849 -1.250067694785598 
11.444730557264212 -3.304478129825628 -0.9577162354969334 
12.148283365215306 -3.51941146281106 -0.663937083070635 
12.797486650209226 -3.7241751557090996 -0.36913990713431993 
13.389054794976719 -3.9162390192585876 -0.07373595492184848 
13.92003537583092 -4.093149183474842 0.22186253685889376 
14.387828594551722 -4.2525553653380594 0.5172429317628267 
14.790204424173385 -4.392237204442452 0.811992784086349 
15.125317347202907 -4.510129392301302 1.1057004292236545 
15.391718581378381 -4.604345332852835 1.397955573036599 
15.588365705420454 -4.67319908622434 1.6883498793752234 
15.714629615212548 -4.715225364843285 1.9764775548886142 
15.77029875933826 -4.72919737036406 2.261935930269681 
15.75558062177571 -4.71414228141385 2.544326037082443 
15.671100438663688 -4.669354225635775 2.823253179326966 
15.5178971552765 -4.594404594687276 3.0983274989045366 
15.297416648536425 -4.489149587484419 3.3691645341549084 
15.011502259416945 -4.353734894802155 3.635385770647119 
14.66238269831082 -4.188597467067737 3.8966191834172768 
14.252657404720217 -3.9944643365318298 4.1524997698588155 
13.785279460341044 -3.772348494675082 4.402670072484813 
13.263536171633493 -3.52354185540966 4.646780690796735 
12.691027454173721 -3.249605364067503 4.884490781510016 
12.071642166351822 -2.952356341034498 5.115468546404182 
11.40953255420985 -2.6338531769025546 5.339391707083402 
10.709086982298224 -2.2963775228883376 5.555947965952727 
9.974901137277163 -1.9424141457379358 5.764835452735722 
9.211747901516148 -1.5746286401449943 5.965763155880448 
8.424546103074885 -1.1958432136158756 6.158451338223246 
7.618328356118258 -0.8090107784986516 6.342631936302999 
6.798208211971502 -0.4171876033536416 6.518048942742773 
5.9693468456166725 -0.023504790804824927 6.684458771140836 
5.136919505435362 0.3688611386771847 6.841630602938896 
4.306081955395107 0.7567182680745171 6.989346715762168 
3.48193713864855 1.1368896145555558 7.1274027927532995 
2.66950228966874 1.5062434702741203 7.2556082124503 
1.8736767185942584 1.8617234531274782 7.373786318787522 
1.0992104864310095 2.200377969618897 7.481774670828134 
0.3506741831902733 2.5193887971943654 7.579425271866571 
-0.3675699870162701 2.8160985015681534 7.6666047775700115 
-1.0513956193957976 3.088036415539123 7.743194682858996 
-1.6969378367338979 3.3329429195219413 7.809091487258762 
-2.300617160959667 3.5487917803393674 7.86420683848479 
-2.8591613698164 3.7338103235832993 7.908467654058277 
-3.369625194871109 3.8864972358678034 7.941816220779769 
-3.8294077325237144 4.005637816359246 7.964210271922007 
-4.236267455985746 4.090316521848743 7.975623042035949 
-4.588334733271666 4.139926676083901 7.976043299297137 
-4.884121773958953 4.1541772418382354 7.965475355352749 
-5.122529945698827 4.133096582992023 7.943939052662962 
-5.302854420065317 4.077033173442247 7.911469729363565 
-5.424786126182897 3.9866532396582794 7.86811816170992 
-5.488411009535754 3.8629353538558906 7.813950484195561 
-5.4942066122987105 3.7071620247758403 7.749048087471645 
-5.443036010304923 3.5209083626259288 7.67350749422628 
-5.33613916024343 3.3060279235834202 7.587440213215233 
-5.17512172872883 3.0646358670709724 7.490972571667797 
-4.9619414923760905 2.7990895855374767 7.384245526323459 
-4.698892414820978 2.5119669914311427 7.26741445338647 
-4.388586522631522 2.2060426691977506 7.140648917716462 
-4.033933717144054 1.884262121242109 7.004132421603894 
-3.6381196733221084 1.549714355644261 6.858062133509022 
-3.2045819896784655 1.2056030798377582 6.702648597172541 
-2.736984765029112 0.8552167782701738 6.538115421534967 
-2.239191788280343 0.5018979631392562 6.364698951929866 
-1.7152385365150773 0.14901189552152788 6.182647923043524 
-1.1693031842785355 -0.2000849204997015 5.992223094160362 
-0.6056768331153239 -0.5420761657939549 5.793696867239261 
-0.028733175038882397 -0.8737167520213442 5.5873528883910675 
0.5571021933099702 -1.1918631848436088 5.373485633351845 
1.1473825875541386 -1.4935029506735125 5.1523999775694875 
1.7376709653334954 -1.7757826426973495 4.924410751544023 
2.3235703523797397 -2.0360345542783804 4.689842282083084 
2.9007537515775255 -2.271801482904427 4.4490279201546015 
3.4649933264108337 -2.480859505430041 4.202309556037931 
4.01218865641988 -2.661238505308086 3.9500371224932365 
4.538393869962196 -2.8112402546100403 3.692568086685891 
5.039843468621501 -2.929453877677973 3.430266931619008 
5.512976667971001 -3.014768548996506 3.1635046278419297 
5.954460090993095 -3.066383305063555 2.8926580962167305 
6.361208663198237 -3.0838138784045124 2.6181096625368534 
6.730404572274228 -3.0668964911344365 2.34024650480416 
7.059514169830862 -3.015788575335451 2.059460093980132 
7.346302708372214 -2.930966417686466 1.7761456290367796 
7.588846822913406 -2.8132197559589924 1.4907014671397898 
7.785544683539926 -2.6636433848777923 1.2035285498036554 
7.935123762558206 -2.4836258581409987 0.915029825863298 
8.03664617757931 -2.2748354018112455 0.6256096721109969 
8.089511589780518 -2.0392031815453224 0.33567331244987475 
8.093457654571042 -1.778904091954474 0.04562623641703378 
8.048558039815429 -1.496335260525878 -0.24412638207081816 
7.955218044508535 -1.1940924807478392 -0.5331802648972912 
7.814167868220812 -0.8749448091484963 -0.8211326080021355 
7.626453598612471 -0.5418075786814646 -1.1075826568672038 
7.393426000727555 -0.19771409609667578 -1.3921322783913712 
7.116727207503239 0.1542136965274109 -1.6743865283198254 
6.79827542585234 0.5107953061682582 -1.9539542134000472 
6.440247786689818 0.8688222223776688 -2.230448447445837 
6.045061480275697 1.2250885992435359 -2.503487200500393 
5.615353330144617 1.5764217841860366 -2.772693840300514 
5.153957969600179 1.9197123940563923 -3.037697665256356 
4.663884794196065 2.2519436440582274 -3.298134428174409 
4.14829387173704 2.5702196429832993 -3.553646849965932 
3.610470998057502 2.871792379065302 -3.803885122598935 
3.053802092125127 3.1540871342971046 -4.048507400568319 
2.4817471278389105 3.414726081190222 -4.287180280176647 
1.897813802219234 3.651549834519611 -4.519579265937008 
1.3055311405105372 3.862636751402805 -4.745389223429253 
0.7084232380319544 4.046319795902408 -4.964304817961726 
0.10998333642854652 4.201200808984301 -5.176030938412296 
-0.4863515716845406 4.326162050863958 -5.3802831056455025 
-1.0772254207987269 4.420374910266267 -5.576787864926036 
-1.6593868509322465 4.483305703635592 -5.765283161773084 
-2.229711911876336 4.514718516575653 -5.945518700725694 
-2.7852255278971683 4.514675069481031 -6.117256286514978 
-3.323121567885438 4.483531619146242 -6.280270147165783 
-3.840781377442317 4.421932937805782 -6.434347238578117 
-4.335790641931149 4.3308034402729385 -6.579287530166273 
-4.805954463012405 4.211335558314008 -6.714904271162678 
-5.249310545510074 4.064975488833716 -6.841024237222327 
-5.664140406521407 3.893406468582663 -6.957487956993743 
-6.048978534362051 3.698529752667975 -7.064149918352334 
-6.402619441116068 3.482443496908619 -7.160878754022704 
-6.724122569110883 3.247419764800462 -7.24755740634757 
-7.0128150284346225 2.9958798983359496 -7.324083270992102 
-7.268292159530676 2.730368507976776 -7.3903683194041125 
-7.490415931811559 2.4535263505438953 -7.4463391998824395 
-7.679311206004414 2.1680623745354155 -7.4919373171377615 
-7.835359904446236 1.876725220303311 -7.527118890262215 
-7.959193149663005 1.582274467534449 -7.5518549890564355 
-8.05168144717191 1.287451924545398 -7.566131548694917 
-8.11392300342258 0.9949532529899638 -7.5699493627427294 
-8.147230284027597 0.7074002177085537 -7.563324054568833 
-8.15311493081914 0.4273138446566702 -7.546286027233341 
-8.133271168705477 0.15708876020681828 -7.518880391957927 
-8.089557844695928 -0.10103102727713376 -7.481166875320227 
-8.023979251730562 -0.3449746577175876 -7.433219705344619 
-7.938664899013648 -0.5728650330744682 -7.37512747669278 
-7.835848398342624 -0.7830373059880154 -7.306992995188287 
-7.717845642386363 -0.9740550566243877 -7.228933101939855 
-7.587032455952972 -1.1447239948062808 -7.141078477357791 
-7.445821904959795 -1.2941030499183652 -7.043573425387605 
-7.296641450050161 -1.4215127378661507 -6.936575638313801 
-7.14191013257791 -1.526540722266385 -6.820255942515093 
-6.984015979997864 -1.6090445157763287 -6.694798025579979 
-6.825293815562779 -1.6691512967387885 -6.560398145218939 
-6.6680036536558935 -1.7072548458342829 -6.417264820435549 
-6.514309857108344 -1.7240096368949103 -6.265618505444744 
-6.36626122650372 -1.720322145147974 -6.105691246851203 
-6.225772183806942 -1.6973394646296565 -5.9377263246248475 
-6.094605203730582 -1.6564353540516987 -5.761977877433742 
-5.974354636138441 -1.5991938567404533 -5.578710512917032 
-5.866432051561583 -1.5273906651321474 -5.388198903501897 
-5.77205322965212 -1.4429724234500387 -5.190727368388988 
-5.6922268972203325 -1.3480341833746077 -4.986589442350345 
-5.627745308490875 -1.244795246534235 -4.776087432002381 
-5.579176745483287 -1.1355736442973177 -4.559531960233803 
-5.546860001082326 -1.0227595194706443 -4.337241499484874 
-5.530900891533579 -0.9087876859594223 -4.109541894589782 
-5.531170828900576 -0.7961096511046528 -3.8767658759081103 
-5.547307467574905 -0.687165391197413 -3.6392525634844657 
-5.578717422368013 -0.5843551735149599 -3.3973469629873865 
-5.624581039158308 -0.49001171810328303 -3.151399454189493 
-5.683859182647849 -0.4063729894420778 -2.9017652727604073 
-5.755301989625021 -0.3355559021028487 -2.6488039861526738 
-5.837459520357374 -0.2795312156067986 -2.392878964367947 
-5.9286942254737545 -0.2400998819943987 -2.134356846396974 
-6.027195131054179 -0.21887109525004478 -1.8736070031317915 
-6.130993630742773 -0.2172422748243208 -1.6110009975522188 
-6.237980760640893 -0.2363811962329736 -1.3469120429910568 
-6.345925820624698 -0.2772104602766312 -1.0817144602838087 
-6.452496194658917 -0.3403944690329541 -0.8157831346088 
-6.555278212731162 -0.4263290516571554 -0.5494929728221503 
-6.65179888828807 -0.5351338564378629 -0.2832183620897988 
-6.739548357582474 -0.6666475977598103 -0.01733263061520751 
-6.816002841201016 -0.8204262179003012 0.24779248874350057 
-6.878647943281219 -0.9957439942202821 0.5117873911793176 
-6.925002100585198 -1.1915975925977635 0.7742851281843859 
-6.952639991702943 -1.4067130381878514 1.03492193056808 
-6.959215716226389 -1.639555545079304 1.2933377254824991 
-6.942485554774025 -1.8883421174470265 1.5491766467032104 
-6.9003301232488505 -2.1510568066649287 1.8020875374248786 
-6.830775738662856 -2.425468481825566 2.051724444844436 
-6.732014819233797 -2.709150945484205 2.297747105818152 
-6.602425148214341 -2.999505202462453 2.5398214228939664 
-6.440587839003469 -3.2937836674514145 2.777619930036524 
-6.24530384845495 -3.589116077170487 3.0108222473795014 
-6.0156088958704625 -3.8825368551642714 3.239115524357343 
-5.750786656867774 -4.171013662138588 3.4621948705878727 
-5.450380114060434 -4.45147685219783 3.679763773896928 
-5.114200960181229 -4.720849545579379 3.8915345048968586 
-4.742336963825958 -4.976078021585925 4.097228507552235 
-4.3351572232766795 -5.214162131463766 4.296576775188661 
-3.8933152497741013 -5.432185430007146 4.489320211423576 
-3.4177498380250837 -5.627344726697847 4.675209975521855 
-2.90968369853228 -5.796978762196122 4.854007811703706 
-2.3706198433930563 -5.9385957239388105 5.025486361957501 
-1.8023357344043198 -6.049899325393575 5.189429461936097 
-1.2068752195013044 -6.128813187061422 5.345632419541651 
-0.586538300620786 -6.173503273479666 5.493902275831154 
0.0561312071160609 -6.182398159094722 5.634058047901919 
0.7183600485849508 -6.15420691676675 5.765930953444757 
1.3971618419772316 -6.087934445628322 5.889364616680644 
2.0893552247483145 -5.9828940798215875 6.004215255425503 
2.7915837101537835 -5.838717346036706 6.1103518490567055 
3.5003371186561085 -5.6553607655079485 6.207656287184433 
4.211974435771446 -5.433109624917763 6.296023498860407 
4.92274793627548 -5.172578670228473 6.375361562186331 
5.628828404187013 -4.874709707512649 6.445591794214337 
6.326331268682331 -4.540766125089007 6.506648821061686 
7.011343468134445 -4.172324381390807 6.558480628191926 
7.6799508478812255 -3.771262532699323 6.601048590844939 
8.328265892161724 -3.339745903871744 6.634327484628124 
8.95245558695965 -2.8802100331925775 6.658305476311057 
9.548769208292253 -2.3953410492023757 6.672984094895465 
10.113565829801422 -1.888053662543038 6.67837818306233 
10.643341344350242 -1.3614669792533582 6.674515829126923 
11.134754796704811 -0.818878363321534 6.661438279661916 
11.584653828269143 -0.2637355954396523 6.639199832977375 
11.990099040222944 0.3003924083812065 6.6078677136749615 
12.348387088246437 0.8698460405523445 6.567521928521511 
12.657072330261986 1.440906318829584 6.518255103914944 
12.91398685822001 2.0098267786900204 6.460172305242427 
13.11725875583915 2.57286563781538 6.393390838457261 
13.265328436305026 3.1263179266959416 6.3180400342270495 
13.356962927147553 3.666547279739948 6.234261015030969 
13.391267983764486 4.190017084651043 6.142206445608937 
13.367697928234296 4.693320694184898 6.042040267189177 
13.286063126055266 5.173210413653705 5.933937415944514 
13.146535030147625 5.626624989621208 5.818083526149852 
12.949648738737576 6.050715340000126 5.69467461853554 
12.696303031483593 6.442868283082856 5.563916774351989 
12.387757866276718 6.800728042731089 5.426025795681397 
12.025629337415905 7.122215328825829 5.281226852551403 
11.611882114194703 7.405543815917994 5.129754117424227 
11.148819397201834 7.649233868584191 4.97185038765197 
10.639070447701698 7.85212338902882 4.807766696505631 
10.085575763190645 8.013375690712783 4.637761913400528 
9.491569989488054 8.132484330950849 4.462102333955797 
8.860562676393052 8.209274865214107 4.281061260538707 
8.196316999894318 8.243903516004924 4.0949185739574805 
7.502826589042154 8.23685277934068 3.90396029697726 
6.784290609770174 8.188924021789084 3.708478150344756 
6.045087271078615 8.101227150346443 3.5087691020158385 
5.289745930968668 7.97516746594868 3.3051349102890697 
4.522917990254333 7.812429838771761 3.0978816615547924 
3.749346771795503 7.614960369441553 2.8873193033757785 
2.973836590722664 7.384945724576754 2.673761173619892 
2.2012212277958447 7.1247903574918485 2.4575235263694353 
1.4363320231101449 6.8370918451682305 2.238925055333919 
0.683965810885268 6.524614590562132 2.0182864154950217 
-0.051147081971655295 6.1902621547790835 1.7959297437124309 
-0.7643745504779562 5.837048496456381 1.5721781790187963 
-1.451213917545572 5.4680684057311115 1.347355383329866 
-2.1073224123173713 5.086467427334065 1.1217850632932573 
-2.72854670627747 4.69541157157177 0.8957904939947294 
-3.3109512984862284 4.2980571131986185 0.6696940452360969 
-3.850845548740338 3.8975207764308637 0.4438167110922624 
-4.344809166361393 3.4968505996332127 0.21847764344775644 
-4.789715972611488 3.098997765566675 -0.006006309795498765 
-5.182755766352305 2.7067896726034757 -0.22932106115667894 
-5.521454135419219 2.3229045090966722 -0.4511557339889798 
-5.8036900701887 1.949847577275289 -0.6712031062066992 
-6.027711250872233 1.5899295947793242 -0.8891600466782501 
-6.19214689607004 1.2452471814383 -1.1047279436510977 
-6.296018076947425 0.9176657163398962 -1.3176131245881348 
-6.338745418936553 0.6088047258581994 -1.5275272668110547 
-6.32015413099227 0.32002593736112495 -1.7341877983620493 
-6.240476321012091 0.05242410605415104 -1.9373182885123112 
-6.100350574936089 -0.1931793058826199 -2.136648827363824 
-5.900818796135287 -0.41623954776016525 -2.331916394009597 
-5.643320320842651 -0.6164890758595716 -2.522865212736691 
-5.3296833444399425 -0.7939351350136294 -2.7092470967771827 
-4.962113712250756 -0.9488544649259216 -2.8908217791324144 
-4.5431811469700385 -1.0817851989774998 -3.067357230018093 
-4.075803002849885 -1.1935160516647851 -3.238629960499649 
-3.5632256541319385 -1.2850729181984828 -3.4044253119101473 
-3.00900364184304 -1.3577030358983322 -3.564537730666629 
-2.4169767188339475 -1.412856881580452 -3.7187710281243542 
-1.7912449477261077 -1.4521680019064553 -3.8669386251330895 
-1.1361420201355017 -1.4774309944196837 -4.008863780984306 
-0.4562069780621636 -1.4905778755241341 -4.144379806463278 
0.24384547041615257 -1.4936530877828351 -4.273330260746009 
0.9591558391109187 -1.4887874124619245 -4.395569131906423 
1.6847517448441265 -1.478171064089498 -4.51096100082585 
2.4155805642281774 -1.4640262518276201 -4.61938118832309 
3.1465426431581993 -1.4485794975898916 -4.720715885349907 
3.8725248321908903 -1.4340340030269751 -4.814862266123927 
4.588434118708543 -1.4225423567266557 -4.901728584097498 
5.28923112610976 -1.4161798692405236 -4.9812342506881855 
5.969963251232069 -1.4169188168984117 -5.0533098967237775 
6.6257972137947165 -1.426603865867024 -5.117897416581188 
7.2520507958264275 -1.4469289356514983 -5.1749499950262425 
7.844223554788904 -1.4794157463494946 -5.224432116787634 
8.398026301377005 -1.525394276596892 -5.266319558925254 
8.909409141718886 -1.5859853394700743 -5.300599366079595 
9.374587893853288 -1.6620854618276346 -5.3272698087153705 
9.790068699848323 -1.7543542289055436 -5.346340324498075 
10.15267066766998 -1.863204230662478 -5.357831442968637 
10.45954639081108 -1.9887937196612606 -5.361774693705841 
10.708200208656631 -2.1310220624370997 -5.358212498192033 
10.896504086480553 -2.289528037624775 -5.347198045621475 
11.022711010724532 -2.4636910048831115 -5.328795152915367 
11.085465812686092 -2.652634939161252 -5.3030781092307215 
11.08381335180992 -2.8552352953946802 -5.270131505273795 
11.017204008306354 -3.07012863959615 -5.23005004775087 
10.885496453680993 -3.295724953811587 -5.1829383593113345 
10.688957686811833 -3.5302224948311687 -5.12891076435933 
10.428260342321014 -3.7716250601589443 -5.068091061130537 
10.104477297019216 -4.017761489817985 -5.00061228045093 
9.719073619014619 -4.266307209352235 -4.926616431613326 
9.273895922542764 -4.514807598117615 -4.8462542358259295 
8.77115920955476 -4.76070294784743 -4.759684847704964 
8.21343129647154 -5.001354759724556 -4.66707556529996 
7.603614941148063 -5.234073113966481 -4.568601529156645 
6.944927800874227 -5.456144834371685 -4.464445410937251 
6.240880367057647 -5.664862161507446 -4.354797092132477 
5.49525203598238 -5.857551642328764 -4.239853333412639 
4.7120654876195065 -6.0316029410669145 -4.119817435178186 
3.8955595557936373 -6.184497276247793 -3.994898889880844 
3.0501607830020134 -6.313835191694174 -3.8653130266979185 
2.180453861774176 -6.417363375307189 -3.7312806491513015 
1.2911511715863015 -6.493000248252002 -3.5930276662715497 
0.3870616259630322 -6.5388600588052945 -3.450784717915355 
-0.5269409515328198 -6.553275229442995 -3.304786794850958 
-1.4459497012276434 -6.534816722615775 -3.1552728542320363 
-2.365056629079275 -6.482312209908253 -3.0024854310851024 
-3.2793843148199944 -6.394861850717046 -2.8466702464392486 
-4.1841172073529105 -6.271851509998883 -2.688075812729399 
-5.0745322920885645 -6.112963269800238 -2.5269530371064146 
-5.946028920271359 -5.918183115935504 -2.3635548232872647 
-6.794157597198822 -5.6878057090639835 -2.198135672578788 
-7.614647534526688 -5.422436178252461 -2.030951284706654 
-8.403432781513088 -5.122988904609148 -1.8622581590789289 
-9.156676761016634 -4.790683292445118 -1.6923131971102117 
-9.870795048238886 -4.427036555360997 -1.521373306227948 
-10.542476243502694 -4.033853574372051 -1.3496950061769 
-11.168700804684015 -3.613213914376707 -1.177534038231943 
-11.746757720157733 -3.1674561136501342 -1.005144977921316 
-12.2742589191671 -2.6991593883230545 -0.8327808518549631 
-12.74915133325973 -2.211122919712002 -0.6606927592429317 
-13.169726539729007 -1.7063429166435768 -0.48912949867894984 
-13.534627935729748 -1.1879876673169736 -0.31833720075330785 
-13.842855409770026 -0.659370815552599 -0.1485589670474634 
-14.093767495485697 -0.12392311427627889 0.01996548395020792 
-14.287081010846268 0.41483707539379233 0.1870001634808971 
-14.422868204086232 0.9533342582102489 0.35231315119263185 
-14.5015514455745 1.4879669606533659 0.5156769253610047 
-14.52389552239227 2.0151392699864177 0.6768686841725038 
-14.49099760946205 2.5312924536212558 0.8356706576057356 
-14.404275007532533 3.032936354603563 0.9918704094630466 
-14.26545075405524 3.5166802607281795 1.1452611291231034 
-14.076537227879895 3.9792629494867415 1.2956419126030059 
-13.839817882633684 4.417581618686024 1.4428180325382156 
-13.55782725654146 4.828719423081658 1.586601196707449 
-13.23332941819269 5.20997135064659 1.7268097947505154 
-12.869295018285959 5.5588681880047695 1.8632691327471749 
-12.46887712661028 5.87319834295274 1.9958116553466783 
-12.035386041385951 6.15102731268325 2.1242771551585857 
-11.572263264538106 6.390714609110837 2.2485129691380523 
-11.083054841464966 6.5909279773555 2.368374161720341 
-10.571384267360466 6.75065476972181 2.483723694482398 
-10.040925164136606 6.869210365158512 2.5944325821319234 
-9.495373932451013 6.946243552923232 2.7003800346473934 
-8.938422582286336 6.98173882872379 2.8014535854161062 
-8.37373194295716 6.976015581669715 2.8975492052401357 
-7.804905449366018 6.929724180646893 2.9885714021044074 
-7.235463695823469 6.843838998924182 3.07443330662399 
-6.668819941835736 6.719648445615599 3.1550567431119547 
-6.1082567460030965 6.5587421017585505 3.2303722862324533 
-5.556903894626234 6.362995086939384 3.300319303227544 
-5.0177177808653255 6.13454980932398 3.3648459817297334 
-4.493462378417354 5.8757952773653646 3.423909343195798 
-3.9866919407665016 5.589344175111465 3.4774752420205104 
-3.4997355432187813 5.278007924690151 3.525518350412349 
-3.034683570261639 4.944769978991321 3.5680221291359375 
-2.5933762354050405 4.592757604604472 3.60497878424866 
-2.1773942046804056 4.2252124295376925 3.636389209981339 
-1.788051378517502 3.8454600419962848 3.6622629179346493 
-1.4263898699154112 3.4568789354224716 3.6826179527848923 
-1.09317719979573 3.062869101002108 3.697480794713681 
-0.788905713306141 2.666820571874399 3.7068862487971415 
-0.5137942037578567 2.272082223304785 3.7108773216104307 
-0.26779171396024015 1.8819311301025925 3.7095050853232117 
-0.050583468088914785 1.4995427766132723 3.702828529581154 
0.13840112898757884 1.1279624057523838 3.690914401487204 
0.29997850366930434 0.7700777818616356 3.6738370340142397 
0.43519903063769183 0.4285936277775133 3.65167816319895 
0.545333362931057 0.10600797955131869 3.6245267344828296 
0.6318570964683898 -0.19540931708182496 3.5924786985830552 
0.6964339028065909 -0.4736357659258599 3.555636797291287 
0.7408972752528165 -0.7269128561994433 3.5141103396129862 
0.767231043636923 -0.953760021290857 3.4680149686744888 
0.7775488220117057 -1.1529857933787555 3.4174724198377993 
0.7740725612189904 -1.3236960548916992 3.3626102704757956 
0.7591103845840589 -1.4652993167131811 3.3035616818725626 
0.7350338899363325 -1.5775089826314006 3.240465133723725 
0.7042551046596226 -1.6603425894890107 3.173464151722637 
0.6692032825331133 -1.7141180425093143 3.102707028726752 
0.6323017317165345 -1.739446895062326 3.0283465400071785 
0.5959448623593269 -1.7372247513907952 2.950539653091972 
0.562475639984457 -1.7086188992506037 2.8694472327201432 
0.5341636270288004 -1.6550533067500508 2.7852337414293196 
0.5131837897498661 -1.5781911436261336 2.69806693630437 
0.5015962411695076 -1.4799150115150028 2.608117562418905 
0.5013270828742593 -1.362305090218076 2.51555904350401 
0.5141504993898636 -1.2276154273100515 2.4205671703808793 
0.5416722485641046 -1.078248616482036 2.3233197876953167 
0.58531468000941 -0.916729125580279 2.2239964794922598 
0.6463034012616138 -0.7456755482375118 2.1227782541678684 
0.7256556979996214 -0.5677720631719372 2.0198472293354945 
0.8241708005471136 -0.38573939254699185 1.9153863171387142 
0.9424220740472569 -0.20230555517614435 1.8095789105424873 
1.0807511942828745 -0.020176711774898992 1.702608571128179 
1.2392643552232805 0.157991602101327 1.5946587189138857 
1.4178305381382454 0.3296225643236457 1.4859123247153105 
1.616081855654607 0.4922451919969548 1.3765516055558171 
1.833415967566939 0.6435202314308963 1.2667577236265957 
2.0690005486790843 0.7812645519195387 1.156710489289615 
2.321779772574443 0.9034737985994752 1.0465880686068458 
2.5904827591145887 1.008343077725251 0.9365666958689456 
2.8736339177739314 1.0942854680313616 0.826820391586506 
3.1695651037507817 1.1599481742366138 0.7175206863948125 
3.47642948927019 1.2042261629626534 0.6088363513112465 
3.792217038723329 1.2262731471408248 0.5009331347714792 
4.114771463376295 1.2255098121081054 0.3939735068569692 
4.441808519429732 1.201629204773474 0.2881164111121213 
4.770935502309881 1.1545992361837252 0.18351702433462735 
5.099671780307206 1.0846622772434222 0.08032652470683788 
5.425470202125563 0.992331856950774 -0.021308131379565776 
5.745739205629329 0.8783865020008363 -0.1212444234703689 
6.05786544913639 0.7438607856852424 -0.2193444718486499 
6.359236782045852 0.5900336823891594 -0.31547523268677535 
6.647265368449295 0.4184143513681111 -0.4095086832678163 
6.91941077567758 0.2307254996023942 -0.5013219970119804 
7.173202839496263 0.028884498115736346 -0.5907977080624076 
7.406264118887261 -0.1850175510431158 -0.6778238652041022 
7.616331756031203 -0.40873857914787104 -0.7622941749087899 
7.801278561220719 -0.6399099098673422 -0.8441081333188047 
7.959133147953505 -0.8760619602643449 -0.9231711470026598 
8.088098950343383 -1.1146510172874289 -0.999394642335488 
8.186571963189976 -1.3530868123894608 -1.0726961633778354 
8.253157054506943 -1.5887606087812198 -1.1429994581468286 
8.2866827109542 -1.819073510595543 -1.2102345531945518 
8.28621408836953 -2.0414647009466034 -1.2743378164290418 
8.25106425236649 -2.2534393165450926 -1.3352520081341774 
8.180803507658561 -2.4525956701667617 -1.3929263201655977 
8.07526672928424 -2.636651538829941 -1.4473164033204426 
7.9345586241351995 -2.803469244955446 -1.4983843828994017 
7.759056867013275 -2.951079269961366 -1.5460988625003744 
7.549413071746453 -3.0777021545659062 -1.5904349161030207 
7.306551574552409 -3.1817684573841496 -1.6313740685244156 
7.031666023727628 -3.2619365630353627 -1.6689042643455307 
6.726213786731445 -3.3171081527292556 -1.703019825428315 
6.391908202699852 -3.346441173954692 -1.7337213971629586 
6.030708725233576 -3.349360171213901 -1.76101588360369 
5.644809016832858 -3.325563866476958 -1.7849163716709493 
5.236623072469537 -3.2750299059041175 -1.805442044615689 
4.808769465374711 -3.198016718120126 -1.8226180849604665 
4.364053823056043 -3.0950624586340805 -1.836475567148947 
3.9054496557296012 -2.9669810445877274 -1.8470513401534268 
3.4360776726478024 -2.814855313585696 -1.8543879003059378 
2.959183734123227 -2.640027369616418 -1.858533254635876 
2.4781155982957066 -2.444086207718007 -1.8595407750114972 
1.9962986317748044 -2.228852736790551 -1.857469043398988 
1.5172106621367558 -1.9963623465266624 -1.8523816885664508 
1.0443561577916216 -1.7488451895566015 -1.8443472145746862 
0.5812399269019622 -1.4887043733315293 -1.8334388214096402 
0.1313405317820708 -1.2184922777605405 -1.8197342181242098 
-0.3019163815089456 -0.940885233957764 -1.8033154288687974 
-0.7151846368689838 -0.6586568164499864 -1.784268592201586 
-1.1052237633487905 -0.3746500156691397 -1.7626837540799327 
-1.4689247112655486 -0.0917485693631532 -1.7386546549438298 
-1.803334851389208 0.187152259419446 -1.7122785113118626 
-2.105682063584488 0.45917516397258884 -1.68365579231801 
-2.373397726982607 0.7214902382033209 -1.6528899916254967 
-2.6041384308777253 0.9713440863065874 -1.6200873951603552 
-2.795806234043788 1.2060883033769103 -1.585356845113071 
-2.946567309986901 1.4232070382027115 -1.548809500662786 
-3.0548688267219157 1.6203433581028621 -1.5105585958814973 
-3.119453921905764 1.7953241470948273 -1.4707191952801262 
-3.139374647492377 1.946183282819741 -1.4294079474607897 
-3.114002772393609 2.071182854349276 -1.3867428373411061 
-3.043038346839932 2.1688322021007993 -1.3428429374178341 
-2.9265159481193743 2.2379045823989756 -1.2978281585369214 
-2.7648085440192505 2.2774512825342157 -1.2518190006369354 
-2.5586289274825234 2.2868130372496953 -1.2049363039303698 
-2.3090286935910824 2.2656286241885173 -1.1573010009863278 
-2.0173947478760303 2.213840543689127 -1.1090338701739881 
-1.6854433529977433 2.131697717150411 -1.0602552909226197 
-1.3152117389024989 2.019755167713558 -1.0110850012493184 
-0.909047319517728 1.8788706769297332 -0.9616418580001058 
-0.46959457675932903 1.7101984411048856 -0.9120436002434826 
2.2031003814859673E-4 1.5151797808341279 -0.8624066162488888 
0.4972069943217843 1.2955309865628062 -0.8128457144742032 
1.0179305409961836 1.0532284115462225 -0.7634738989784506 
1.5587329269610466 0.790490951039436 -0.7144021496660939 
2.115756322298269 0.5097600726611167 -0.6657392077595552 
2.6849679972743807 0.21367758737673404 -0.617591366886026 
3.2621866877748738 -0.09493862680522147 -0.570062270153024 
3.8431102404084436 -0.4131207157632424 -0.5232527135754017 
4.42334434839841 -0.7377785038772832 -0.4772604562039908 
4.998432180589414 -1.0657284455752967 -0.43218003729234855 
5.56388469851103 -1.3937235938756039 -0.3881026008250701 
6.1152114505134785 -1.7184842955671091 -0.3451157277161663 
6.647951627568519 -2.0367293151120225 -0.3033032759713863 
7.157705162449226 -2.3452070847409554 -0.26274522909304876 
7.640163652692223 -2.6407267765845623 -0.22351755299001974 
8.091140888012754 -2.920188894066714 -0.18569206163927499 
8.506602764696234 -3.180615084159963 -0.14933629172877394 
8.882696372914097 -3.4191768794300383 -0.11451338649417497 
9.215778047887746 -3.6332230890049995 -0.0812819889448182 
9.502440182322527 -3.8203055705909184 -0.049696144656270036 
9.739536605504853 -3.978203131295757 -0.019805214288945105 
9.924206343850523 -4.104943323160306 0.0083462040260871 
10.053895588444295 -4.1988219197492525 0.034718342311503836 
10.126377707143067 -4.258419882727648 0.05927632027445018 
10.1397711520478 -4.28261765181047 0.0819901926586053 
10.092555127485413 -4.270606617587431 0.10283498635157562 
9.983582898981517 -4.221897664229523 0.12179072720075901 
9.812092639941163 -4.136326697708326 0.13884245650993243 
9.577715729768046 -4.014057104618015 0.15398023720809428 
9.280482434827036 -3.855579116692199 0.16719914970116534 
8.920824921860024 -3.661706086356215 0.17849927743636362 
8.499577572072564 -3.433567708848788 0.1878856822281949 
8.017974582986199 -3.172600256288302 0.19536836941379798 
7.477644864160897 -2.8805339182496335 0.20096224292439224 
6.880604251900723 -2.5593773716710864 0.20468705037806378 
6.229245086922935 -2.2113997299448576 0.20656731831770347 
5.526323217563565 -1.8391100465933157 0.20663227773599901 
4.774942509277886 -1.445234572742636 0.20491578004733135 
3.978536958834957 -1.0326919894393591 0.2014562036841987 
3.1408505285840134 -0.6045668554999641 0.19629635151279645 
2.265914832354722 -0.16408152884196192 0.1894833392795312 
1.358024819831622 0.2854331660507876 0.18106847531691894 
0.4217126205055757 0.7405682398717743 0.17110713175280168 
-0.5382802785574734 1.1978675156024057 0.15965860748333682 
-1.5170323349649495 1.6538589808688549 0.1467859831848064 
-2.509472536478035 2.1050862121155762 0.13255596865405206 
-3.510412063699288 2.5481395668571736 0.1170387427816384 
-4.514576816147372 2.9796868429625256 0.100307786475474 
-5.516640581613414 3.3965031095921256 0.08243970886528817 
-6.511258623952236 3.7954994229902455 0.0635140671313319 
-7.493101461310476 4.1737501517438425 0.04361318031163597 
-8.456888605249917 4.5285186502436545 0.022821937454463814 
-9.397422031297776 4.857281035776307 0.0012276004918263528 
-10.309619153157092 5.157747843775345 -0.021080397779460025 
-11.188545076113083 5.427883357068016 -0.044010660213732455 
-12.029443910066757 5.665922428263291 -0.06747003592598122 
-12.827768929070194 5.870384639500182 -0.09136383458341002 
-13.579211372188109 6.040085670362731 -0.11559604396070156 
-14.279727689911331 6.174145772604789 -0.14006955033465707 
-14.925565051127592 6.271995279133899 -0.1646863612886248 
-15.513284937744343 6.333377104192966 -0.18934783049192588 
-16.039784667362646 6.35834622155607 -0.21395488401626137 
-16.502316698830835 6.3472661375221735 -0.23840824774795272 
-16.89850559095742 6.30080240524976 -0.2626086754524562 
-17.2263625010201 6.219913256228966 -0.28645717704612184 
-17.48429712686146 6.105837453144898 -0.30985524662996267 
-17.671127014181444 5.960079495762199 -0.33270508983979996 
-17.78608416900086 5.784392337485823 -0.3549098500687327 
-17.828818934043618 5.580757794665196 -0.3763738331190637 
-17.799401106834367 5.351364853268464 -0.39700272984401586 
-17.698318296498027 5.098586098034764 -0.41670383634236996 
-17.526471535438706 4.824952507412382 -0.4353862712739277 
-17.28516818113244 4.533126873331037 -0.4529611898681529 
-16.976112162053525 4.225876117978548 -0.4693419942044963 
-16.60139164013498 3.9060427901308445 -0.4844445393488581 
-16.16346418000707 3.5765160311135413 -0.4981873349389254 
-15.665139532439703 3.240202305083936 -0.5104917418178361 
-15.10956015580842 2.8999961899680526 -0.5212821633252698 
-14.500179614897439 2.5587515240539984 -0.5304862308643361 
-13.840739010833497 2.219253198948664 -0.5380349833725886 
-13.135241609311485 1.8841898823909027 -0.5438630403363103 
-12.387925846429972 1.5561279443593747 -0.5479087679990777 
-11.60323690231874 1.2374868471173834 -0.5501144384272343 
-10.785797042233469 0.9305162444318986 -0.5504263811081263 
-9.940374932850192 0.6372750173454445 -0.5487951267699045 
-9.071854148057287 0.35961245374967676 -0.5451755431259344 
-8.185201083571744 0.09915175681036681 -0.5395269622612462 
-7.285432503165317 -0.14272395674899618 -0.5318132993932818 
-6.37758294115239 -0.36488303314148807 -0.5220031627550896 
-5.466672186056039 -0.5664539244121096 -0.5100699543647873 
-4.5576730690305975 -0.7468310174132893 -0.495991961461574 
-3.6554797776926113 -0.905677597384003 -0.4797524384056282 
-2.764876911520381 -1.0429259239959814 -0.46133967885643123 
-1.8905094889613911 -1.158774427273016 -0.44074707806125835 
-1.0368541088836194 -1.253682060234026 -0.4179731851042021 
-0.2081914600767263 -1.3283598741635887 -0.39302174498373743 
0.5914196377772933 -1.3837599107807341 -0.3659017304056693 
1.3581664898137293 -1.4210615329730327 -0.33662736319681086 
2.088504919288162 -1.441655341912925 -0.30521812526393344 
2.779179653245987 -1.447124853012707 -0.2716987590413913 
3.4272425701946734 -1.4392261260567438 -0.23609925739018411 
4.030068695157911 -1.4198655657424648 -0.19845484293055016 
4.58536984400967 -1.3910761275576011 -0.15880593680959842 
5.09120583615319 -1.3549921802277798 -0.11719811692484239 
5.545993212297661 -1.3138232897262268 -0.07368206564410285 
5.948511412171445 -1.269827200903665 -0.02831350708151792 
6.297906385353766 -1.2252823010611609 0.018846865991243522 
6.593691626880629 -1.1824598551695253 0.06773347550010556 
6.835746647746047 -1.1435963048775992 0.11827595157270432 
7.024312908743933 -1.1108659229281495 0.17039923605497398 
7.159987264147265 -1.0863541111143906 0.22402369588517201 
7.243712979365601 -1.072031623500022 0.2790652461516432 
7.276768403836163 -1.0697299873531292 0.33543548264251655 
7.2607533968614515 -1.081118382202097 0.3930418236775335 
7.1975736197899955 -1.1076822227316687 0.4517876609946576 
7.08942282273513 -1.1507036740440695 0.5115725194468732 
6.938763267832792 -1.2112443082881903 0.5722922252476552 
6.748304443756114 -1.290130090003216 0.6338390824875133 
6.5209802377406305 -1.3879388539493158 0.6961020576275105 
6.2599247416514325 -1.504990413943942 0.7589669716607523 
5.968446877566446 -1.6413394145406448 0.8223166996174829 
5.650004035900428 -1.7967710095455156 0.8860313770752373 
5.308174925199106 -1.970799422645201 0.949988613321544 
4.946631837352938 -2.1626694161064197 1.014063710803375 
4.569112535082809 -2.371360663896297 1.0781298904849042 
4.179391970122245 -2.595594995961337 1.1420585227234317 
3.7812540405509787 -2.833846451090309 1.2057193632612009 
3.378463594228932 -3.0843540470644393 1.2689807939210773 
2.9747388822565637 -3.345137148959692 1.3317100675834839 
2.5737246618684377 -3.6140132897880495 1.3937735570128476 
2.1789661421943256 -3.888618272416604 1.4550370070934822 
1.7938839589447921 -4.16642835814229 1.5153657900268387 
1.421750355350527 -4.444784325659132 1.5746251630350825 
1.0656667366813943 -4.720917164657568 1.6326805281100527 
0.7285427544668623 -4.991975151136406 1.689397693340626 
0.4130770642201771 -5.2550520368599845 1.7446431353475678 
0.12173988713403094 -5.50721607341041 1.798284262350573 
-0.14324250803873717 -5.745539582082209 1.8501896773896904 
-0.3799013017645789 -5.9671287745459916 1.90022944122087 
-0.5865365137663767 -6.169153525831022 1.9482753344040844 
-0.761726217242825 -6.348876800778868 1.9942011181021153 
-0.9043335249674227 -6.50368343771496 2.0378827931086683 
-1.0135113120640487 -6.631107998638746 2.0791988566250414 
-1.088704657548294 -6.728861403703763 2.11803055630727 
-1.1296510040780259 -6.794856079057166 2.1542621411084255 
-1.136378052649758 -6.827229361125565 2.1877811084443373 
-1.1091994260694191 -6.824364917037147 2.2184784472155643 
-1.0487081518004882 -6.784911959887511 2.2462488762241817 
-0.9557680311139198 -6.707802058810809 2.270991077529888 
-0.8315029772201612 -6.592263367089266 2.2926079242967767 
-0.6772844201312136 -6.437832116600821 2.3110067026908943 
-0.49471689026895094 -6.24436125351251 2.3260993273960624 
-0.2856219062059826 -6.012026118016143 2.3378025503257844 
-0.05202030428671778 -5.741327099795301 2.346038162119095 
0.20388684084853592 -5.433089230521114 2.350733186018824 
0.47973854571538976 -5.088458704707076 2.3518200637428124 
0.7730353294444683 -4.708896350408745 2.3492368329706235 
1.081161531736887 -4.296168101237167 2.3429272960816956 
1.4014083556361105 -3.8523325506626374 2.3328411797947743 
1.730997448670981 -3.379725698329333 2.3189342853720083 
2.0671048326030226 -2.8809430257908444 2.301168629067385 
2.406884990156026 -2.3588190654400862 2.2795125725139305 
2.747494916720003 -1.8164046511807628 2.2539409427605013 
3.0861179461172403 -1.2569420623224545 2.2244351416861674 
3.4199871620711124 -0.6838382930549123 2.1909832445370077 
3.7464082110158166 -0.10063669845387913 2.153580087348245 
4.062781337288682 0.48901271588849793 2.1122273430328957 
4.366622468514363 1.0813840799939543 2.0669335859367313 
4.65558318706815 1.6727072300093486 2.0177143446786934 
4.927469432828548 2.2591997638134638 1.9645921431150746 
5.1802587929259705 2.8370992774704202 1.9075965292861308 
5.412116245780548 3.402695476309425 1.8467640922235706 
5.621408239310191 3.9523618554473705 1.782138466517876 
5.806714996680004 4.482586648613091 1.7137703245653784 
5.966840957253111 4.990002751132631 1.641717356435783 
6.100823275380633 5.471416332830782 1.566044237321638 
6.20793831521813 5.923833869294835 1.4868225825531218 
6.287706095759947 6.344487335304716 1.4041308901822815 
6.339892656616158 6.73085732211363 1.3180544711626596 
6.36451033159562 7.080693860478746 1.2286853671713636 
6.361815933775512 7.39203475370101 1.1361222561425115 
6.332306872304557 7.663221249209208 1.0404703456020439 
6.276715237579049 7.89291090317679 0.9418412539152987 
6.195999907519351 8.08008752003595 0.840352879580212 
6.0913367433395935 8.224068077275826 0.7361292587198389 
5.964106958322909 8.324506575302513 0.6293004109488036 
5.8158837575733475 8.381394782102795 0.520002173809238 
5.648417360404702 8.395059872696777 0.40837602599185807 
5.4636185298375075 8.366158993584882 0.29456889957825894 
5.263540745514067 8.295670812294826 0.17873298156005202 
5.050361167116138 8.184884141416191 0.06102550491031877 
4.826360544993584 8.035383754884698 -0.058391470498543985 
4.593902243120134 7.8490335414660395 -0.1793512868174587 
4.3554105466097575 7.627957166117209 -0.3016829266526666 
4.113348431806045 7.374516433922931 -0.425211260658223 
3.8701949813519434 7.091287573373355 -0.5497573039230037 
3.6284226296182225 6.781035675652232 -0.6751384807694549 
3.3904744254026618 6.446687544146633 -0.801168897565427 
3.158741498885474 6.0913032233929645 -0.9276596231348511 
2.9355409184458554 5.718046488999553 -1.0544189763384826 
2.723094120117255 5.3301545896057085 -1.1812528203813 
2.523506088201348 4.930907538562869 -1.307964863390235 
2.3387454599139534 4.523597256692289 -1.4343569647928431 
2.170625719930351 4.111496868145849 -1.560229447015613 
2.0207876423950726 3.697830449076767 -1.6853814120093786 
1.8906831284205339 3.2857435235317247 -1.8096110620988655 
1.7815605763872746 2.878274592766666 -1.9327160246435469 
1.6944519105673148 2.478327973148482 -2.05449367998869 
1.6301613807982882 2.088648204042639 -2.174741492176586 
1.5892562322443338 1.7117962707486072 -2.2932573418816915 
1.5720593297915695 1.350127868789714 -2.4098398610265805 
1.5786438064474382 1.005773914884939 -2.52428876853043 
1.6088297893658714 0.6806234869376704 -2.636405206637113 
1.6621832409165194 0.37630935060072446 -2.745992077266539 
1.7380169356849215 0.09419620366871317 -2.852854377830065 
1.8353935775538233 -0.16462825802879388 -2.9567995359488486 
1.9531310442006458 -0.3993593781296596 -3.0576377425138594 
2.089809729584891 -0.6094786348085535 -3.1551822825252476 
2.2437819384141884 -0.7947537772729558 -3.2492498631507414 
2.4131832702990845 -0.9552360173474503 -3.3396609384442444 
2.5959459154590014 -1.0912543194271096 -3.4262400301687514 
2.789813768544639 -1.203406861219316 -3.5088160441714296 
2.992359252514455 -1.2925497660609766 -3.587222581763694 
3.2010017306580094 -1.359783234909746 -3.6612982455643186 
3.41302737190167 -1.4064352320924005 -3.730886939270992 
3.6256103225651173 -1.4340429032897368 -3.795838160831995 
3.835835026852531 -1.4443319268019827 -3.8560072884993537 
4.040719528645054 -1.4391940196499067 -3.9112558592532602 
4.237239578688829 -1.4206628383130724 -3.961451839097879 
4.422353364110951 -1.390888529715788 -4.006469884739909 
4.593026671404848 -1.352111201277744 -4.046191596172898 
4.746258289650307 -1.306633589323454 -4.080505759702795 
4.8791054578123525 -1.2567932127908819 -4.109308580964569 
4.98870915852046 -1.2049343039119922 -4.132503907492798 
5.072319060781515 -1.1533798093217218 -4.150003440425145 
5.127317915631282 -1.1044037538599003 -4.161726934933176 
5.151245211769897 -1.0602042551843032 -4.167602388991322 
5.141819902740611 -1.0228774702526042 -4.1675662201123425 
5.09696202316777 -0.9943927448266048 -4.1615634296952155 
5.014813018927673 -0.9765692245110662 -4.149547754650261 
4.893754624836902 -0.9710541705822968 -4.1314818059855725 
4.732426133440375 -0.9793032061497082 -4.107337194057869 
4.529739909700462 -1.0025626982025377 -4.077094640212294 
4.284895018745322 -1.0418544590257222 -4.040744074555793 
3.9973888472391517 -1.0979629265490711 -3.998284719630167 
3.6670266132975735 -1.171424957661269 -3.949725159773118 
3.29392867507709 -1.2625223416331561 -3.895083395977363 
2.8785355641114876 -1.3712771128258012 -3.8343868860809427 
2.421610686034779 -1.497449713087915 -3.767672570144403 
1.9242406483931687 -1.6405400249657998 -3.69498688089458 
1.3878331926887277 -1.7997912673524232 -3.616385739137539 
0.8141127254810039 -1.9741967157866402 -3.5319345340674886 
0.2051134611719716 -2.1625091805766132 -3.4417080884227254 
-0.4368297931164342 -2.3632531475558887 -3.345790608463579 
-1.1090931625308347 -2.574739458871424 -3.244275618771726 
-1.8087774739429383 -2.795082385027665 -3.1372658818950825 
-2.532724187532489 -3.0222189147334797 -3.024873302886622 
-3.2775333917447984 -3.2539300661666934 -2.9072188188100787 
-4.039583747117908 -3.48786400231959 -2.784432273310281 
-4.8150542495033815 -3.721560714324731 -2.656652276369962 
-5.599947669115311 -3.9524780202779755 -2.524026049399544 
-6.390115508756368 -4.178018613238909 -2.3867092558302594 
-7.181284312575284 -4.395557880935912 -2.244865817405452 
-7.969083145902597 -4.602472211354246 -2.0986677163883263 
-8.749072057176937 -4.79616749291644 -1.9482947839279816 
-9.516771324779576 -4.974107515441034 -1.7939344748490806 
-10.267691284811804 -5.133841978509327 -1.6357816291531706 
-10.997362530525766 -5.273033817277565 -1.4740382205420874 
-11.701366270302731 -5.389485562117116 -1.3089130922963839 
-12.375364628790642 -5.481164457676533 -1.1406216808629566 
-13.015130675092577 -5.546226078955248 -0.9693857275274218 
-13.616577962742564 -5.583036196634616 -0.795432978567534 
-14.175789368618396 -5.590190661083184 -0.6189968743034977 
-14.689045021905791 -5.5665330939728985 -0.4403162274815684 
-15.15284911972249 -5.511170198110351 -0.25963489144476615 
-15.563955432996835 -5.423484519693601 -0.07720141856413587 
-15.919391314627093 -5.303144522508309 0.10673129057936093 
-16.21648003176681 -5.150111860329967 0.2919063467554701 
-16.452861255222814 -4.96464576173096 0.47806323986389776 
-16.626509551331942 -4.7473044703246465 0.6649382143946205 
-16.735750735223164 -4.498943712925228 0.8522646520156547 
-16.779275958968352 -4.2207121978668845 1.0397734607219662 
-16.756153423680345 -3.9140441755111057 1.227193469966394 
-16.665837621019236 -3.580649122478683 1.4142518311808412 
-16.508176026698102 -3.2224986400777347 1.6006744230860512 
-16.283413186319272 -2.8418106854698446 1.7861862611769959 
-15.9921921520905 -2.441031281043888 1.9705119107629703 
-15.635553247539232 -2.022813872978432 2.1533759029322184 
-15.214930156129071 -1.5899965338144186 2.334503152804422 
-14.732143348547359 -1.1455772257909844 2.513619379427647 
-14.189390882245615 -0.6926873614949662 2.690451526671695 
-13.589236625434118 -0.23456391584468406 2.8647281844648087 
-12.934595976027081 0.22547964161062994 3.036180009718025 
-12.228719163873802 0.6840833127915433 3.204540146279254 
-11.475172241859411 1.1378711447827201 3.369544643257694 
-10.677815887999182 1.5834821136765191 3.5309328710593944 
-9.840782156355132 2.0176010174275976 3.688447934475591 
-8.968449329361112 2.4369890758773725 3.841837082167266 
-8.065415037850581 2.838513938400243 3.990852111892977 
-7.136467827627007 3.2191788048906216 4.135249770830139 
-6.186557362723449 3.5761503740071374 4.27479215034593 
-5.220763465470514 3.906785343628864 4.40924707457966 
-4.244264202063378 4.208655202260072 4.538388482205782 
-3.262303229425119 4.479569066501865 4.661996800754713 
-2.2801566247481584 4.7175943385330115 4.779859312878306 
-1.3030994231237267 4.9210749786247865 4.891770513956125 
-0.33637209110257693 5.088647210841511 4.997532460451301 
0.6148528351470506 5.219252505028555 5.096955108435024 
1.5455037192076917 5.312147704709375 5.189856641713592 
2.450642175843665 5.366912198344091 5.276063789004965 
3.325494583032668 5.383452060267155 5.3554121296268 
4.1654825387137375 5.362001117234947 5.427746387174554 
4.966252053475666 5.303118926581372 5.492920710683607 
5.723701278998276 5.207685682203566 5.5507989427886635 
6.4340065820726995 5.076894094680503 5.601254874410382 
7.093646785386554 4.912238321464676 5.644172485519636 
7.699425408895111 4.715500051990518 5.679446171549273 
8.248490759409698 4.488731880421199 5.706980955043631 
8.73835373093062 4.234238125335114 5.726692682158595 
9.166903194122996 3.954553280669517 5.738508203645452 
9.532418870066094 3.6524183054416737 5.7423655399760385 
9.833581600884237 3.3307549809303234 5.738214030289331 
10.069480947962294 2.9926385829086937 5.72601446486334 
10.23962006703291 2.6412691329893323 5.705739200841366 
10.343917828363143 2.279941507007809 5.677372260965632 
10.382708169430204 1.9120146894956624 5.6409094150982515 
10.356736686721115 1.5408804715682305 5.596358244333304 
10.267154492483304 1.16993189489274 5.543738187532122 
10.115509381255016 0.8025317467563785 5.483080570138949 
9.903734369678832 0.4419814106022344 5.414428615161944 
9.634133691317228 0.09149037274219851 5.33783743623125 
9.309366345814762 -0.24585332066248156 5.25337401267294 
8.93242731866174 -0.5671113717838248 5.161117146566629 
8.506626603888119 -0.8695220322277637 5.061157401779901 
8.03556617714151 -1.1505251398108332 4.953597025002921 
7.523115080668276 -1.4077851513094688 4.838549848832949 
6.973382794626961 -1.6392119513691132 4.716141176986337 
6.390691080822807 -1.8429792398131597 4.586507651744964 
5.7795444952810815 -2.017540323581154 4.4497971037692405 
5.144599775002059 -2.1616411652160754 4.306168384440056 
4.490634311700209 -2.274330566955168 4.155791180917685 
3.8225139312700698 -2.354967397787726 3.998845814133708 
3.1451602021047513 -2.403224800044887 3.8355230199590187 
2.463517498185622 -2.4190913418906352 3.6660237138168674 
1.7825200440503788 -2.4028691121932506 3.490558739038044 
1.1070591683206032 -2.355168784373058 3.3093485992787586 
0.4419509904381691 -2.2769017056469396 3.1226231753497427 
-0.20809523836343313 -2.1692690973253255 2.930621426828677 
-0.8385079240121667 -2.033748480173656 2.7335910788531823 
-1.4448828393424793 -1.8720774660472115 2.5317882945157875 
-2.0230115536773656 -1.6862350827727774 2.3254773333049608 
-2.5689083908855332 -1.4784208233323688 2.1149301960608557 
-3.078835735478979 -1.2510316325596864 1.9004262569341182 
-3.549327518504776 -1.0066370645728981 1.6822518828601845 
-3.9772107283426754 -0.7479528618408192 1.4607000410802449 
-4.359624805943232 -0.4778132219342501 1.236069895261335 
-4.694038799435275 -0.19914203050883547 1.0086663907866942 
-4.978266169270644 0.08507665123031166 0.778799829805529 
-5.2104771520504345 0.37182854950817956 0.5467854366503238 
-5.389208608759818 0.6580992924520509 0.3129429142442057 
-5.513371301201591 0.9409043762145455 0.07759599213884494 
-5.582254558833732 1.2173186850019586 -0.15892803316309845 
-5.5955283168424295 1.484505272329341 -0.3962987649335492 
-5.553242524992928 1.7397431188036987 -0.6341831793103254 
-5.455823945453783 1.980453592548269 -0.8722461040630711 
-5.304070376253617 2.204225351917392 -1.1101507023288013 
-5.099142355171811 2.4088374462698257 -1.3475589606051 
-4.8425524165504354 2.592280389111131 -1.5841321802782022 
-4.536151990622695 2.7527749986923213 -1.8195314719568871 
-4.182116051355978 2.8887888239522392 -2.0534182518763586 
-3.782925634390346 2.9990499982898626 -2.285454739630535 
-3.3413483613056534 3.0825583897963202 -2.5153044564876215 
-2.8604171200651582 3.1385939440072024 -2.7426327235400536 
-2.343407063969143 3.166722143675379 -2.9671071589385143 
-1.7938111027148724 3.166796539227321 -3.1883981734585998 
-1.2153140691280346 3.1389583331612276 -3.4061794636490785 
-0.6117657537278659 3.0836330313735503 -3.6201285018125247 
0.012846993537340326 3.001524203966011 -3.8299270220710246 
0.6544288893494941 2.8936044271888037 -4.035261501774351 
1.3088053616530169 2.7611035065297265 -4.23582363751247 
1.9717520009893625 2.605494108274363 -4.4313108150001055 
2.639024105567951 2.428474952870564 -4.621426572108948 
3.3063861075672243 2.2319517478681847 -4.805881054330944 
3.96964067017092 2.0180160608264606 -4.984391461965927 
4.6246572483807 1.7889223531668335 -5.156682488337027 
5.267399911685545 1.5470634142825554 -5.322486748349542 
5.893954233162422 1.2949444511262356 -5.481545196721008 
6.500553057481861 1.0351561018135282 -5.633607535224931 
7.083600969535286 0.7703466523801695 -5.778432608304367 
7.639697295914388 0.503193743602818 -5.915788786428463 
8.165657483174439 0.23637585966086716 -6.0454543365812885 
8.658532709617376 -0.027456107662864992 -6.1672177792904 
9.115627601132427 -0.2857069265982638 -6.280878231621268 
9.53451593633448 -0.5358644361848637 -6.386245735583503 
9.91305424172509 -0.7755260185385398 -6.483141571415233 
10.249393193755138 -1.0024238606503033 -6.571398555233846 
10.541986761370463 -1.214448746297105 -6.650861320563095 
10.789599039741901 -1.4096721337847162 -6.7213865832699575 
10.991308743297665 -1.5863662928501396 -6.7828433894687095 
11.146511343754202 -1.7430222939472668 -6.835113345973667 
11.254918856449468 -1.8783656651273173 -6.878090832907981 
11.316557295795924 -1.991369555579381 -6.911683198101472 
11.331761837948605 -2.0812652703789314 -6.935810932936906 
11.301169745709938 -2.1475500678455135 -6.950407829331868 
11.225711127133634 -2.189992138863906 -6.955421117570287 
11.10659761512706 -2.2086327162969286 -6.95081158472642 
10.945309070471287 -2.2037852919194427 -6.936553673452499 
10.74357842496265 -2.1760319478404067 -6.912635560930298 
10.503374794733851 -2.1262168388531615 -6.879059217816451 
10.226885006129248 -2.0554368912682657 -6.835840447040543 
9.916493687707696 -1.965029812243745 -6.7830089023461735 
9.574762091941443 -1.8565595311489878 -6.720608086493716 
9.204405818896642 -1.7317992208023607 -6.648695329075754 
8.808271621570178 -1.5927120712437237 -6.567341743925343 
8.38931347854909 -1.4414300117935595 -6.476632166128638 
7.950568124228099 -1.2802305982718496 -6.376665068684101 
7.495130229927603 -1.1115123011962575 -6.267552458880543 
7.02612743088088 -0.9377684473518261 -6.1494197544984 
6.5466953942009445 -0.7615600811601237 -6.022405639967139 
6.05995312159026 -0.5854880236318747 -5.886661902644196 
5.5689786777422405 -0.41216441524367214 -5.742353249409619 
5.076785531119205 -0.24418403475639727 -5.589657103801327 
4.586299688120572 -0.08409568872387085 -5.428763383945566 
4.1003377946167205 0.06562603379895893 -5.259874261565856 
3.621586370480588 0.20260835004798938 -5.083203902384419 
3.1525823331628917 0.32460693069469126 -4.8989781882562795 
2.6956949556057754 0.42953132922617776 -4.707434421406757 
2.253109391956685 0.5154689292679338 -4.508821011169369 
1.8268118917213094 0.5807071600556504 -4.303397143647987 
1.4185768092824311 0.6237537472921013 -4.091432434755519 
1.0299555012156114 0.6433547860200015 -3.873206567104405 
0.6622671886630132 0.6385104437031552 -3.649008911252183 
0.3165918463052293 0.608488125227836 -3.419138131828026 
-0.006234836688395973 0.5528329567753678 -3.183901779090725 
-0.30562439481792314 0.47137547222543175 -2.9436158664915304 
-0.5812364112588195 0.3642364136622014 -2.6986044348365907 
-0.8329772341645914 0.23182858639148307 -2.4491991036669396 
-1.0609966053527655 0.0748557383503643 -2.1957386104913588 
-1.2656822389021127 -0.1056915363940516 -1.9385683385301695 
-1.4476524033045726 -0.3085428405004538 -1.6780398336440399 
-1.6077465764879593 -0.532157903402962 -1.414510311140607 
-1.7470142581292007 -0.774739310338505 -1.148342153168072 
-1.8667020381035897 -1.0342479139235525 -0.8799023974196238 
-1.9682390335496436 -1.3084207847626463 -0.6095622178886597 
-2.0532208197694803 -1.5947915318769792 -0.33769639842571997 
-2.1233919919346955 -1.89071279970155 -0.06468279986224013 
-2.180627505237613 -2.1933807262522294 0.20909817852360213 
-2.226912950635737 -2.4998611270352518 0.4832641424138482 
-2.264323931614408 -2.8071171515606097 0.7574312499362321 
-2.295004714370777 -3.1120381441053 1.0312147624269947 
-2.3211463294533314 -3.411469427809522 1.3042295976625893 
-2.344964307133054 -3.7022427214005758 1.5760908847476207 
-2.368676231593821 -3.981206890930208 1.8464145198416848 
-2.3944793004053664 -4.245258734949766 2.1148177219058457 
-2.424528075654723 -4.491373500572857 2.380919587647032 
-2.4609126115753415 -4.716634829906992 2.6443416448392214 
-2.5056371405327953 -4.91826384134483 2.9047084032011647 
-2.560599494823471 -5.093647058154347 3.1616479020120436 
-2.627571435958065 -5.240362907612734 3.4147922536507123 
-2.7081800559715745 -5.356206527484725 3.6637781822483957 
-2.8038904068842907 -5.439212632825903 3.9082475566506565 
-2.915989504800036 -5.487676214726515 4.147847916892147 
-3.045571844333951 -5.500170863527105 4.382232993394936 
-3.193526547205849 -5.475564532020181 4.611063218112123 
-3.360526255995768 -5.413032578979122 4.834006226847959 
-3.547017870342846 -5.312067959780288 5.050737351998498 
-3.753215208375143 -5.172488458643439 5.260940104969403 
-3.9790936609990757 -4.994440885837744 5.464306647541932 
-4.224386890971128 -4.778402192796153 5.66053825147337 
-4.4885856125349 -4.525177488160889 5.849345745634672 
-4.770938470963888 -4.235894968045223 6.030449950005679 
-5.070455024724105 -3.9119978039449483 6.203582095866377 
-5.385910816291694 -3.5552330614650973 6.36848423154284 
-5.715854501055236 -3.1676377520513452 6.524909613086608 
-6.058616987327182 -2.75152214794239 6.672623079287961 
-6.412322524411325 -2.3094505173098745 6.811401410445887 
-6.774901660044815 -1.8442194617653214 6.9410336703410715 
-7.144105973475498 -1.358834061833387 7.061321530882083 
-7.517524476063944 -0.8564820573901852 7.172079578920543 
-7.8926015577262385 -0.34050630923120984 7.2731356047561615 
-8.266656344860113 0.18562419532729701 7.364330871879731 
-8.636903323727879 0.7183445157568558 7.445520367529104 
-9.000474072689585 1.2540248220574925 7.516573033661256 
-9.35443993727504 1.789002051874038 7.577371977972093 
-9.695835473928222 2.319611858277176 7.627814664624865 
-10.021682481414723 2.84222054283014 7.667813084377697 
-10.329014433409045 3.3532566688976098 7.697293903831181 
-10.61490112171823 3.849242053495739 7.716198593547281 
-10.87647331698561 4.326821842293515 7.724483534822289 
-11.110947252574569 4.7827933815911585 7.7221201049276935 
-11.315648737674248 5.214133613134498 7.70909474066484 
-11.488036707493414 5.618024732345825 7.685408980111095 
-11.625726021707418 5.991877867823345 7.651079482467582 
-11.726509327074641 6.333354559604514 7.606138025950939 
-11.788377806312868 6.640385835508855 7.550631483704191 
-11.809540642874914 6.911188708658001 7.48462177773413 
-11.788443040140374 7.144279944773007 7.408185810915748 
-11.72378264367583 7.338486974822152 7.321415377136379 
-11.614524226542677 7.492955856764176 7.224417049685055 
-11.459912510063464 7.607156219223396 7.117312048024856 
-11.259483005906018 7.680883149654717 7.0002360831183195 
-11.013070779712264 7.71425601961187 6.873339181508069 
-10.720817051677155 7.7077142698230885 6.736785488386278 
-10.383173565363439 7.662010207604717 6.590753049918448 
-10.000904672504422 7.578198898410337 6.435433575117708 
